5437	5437
5438	5438
5439	5439
5440	5440
5441	5441
5442	5442
5443	5443
5444	5444
5445	5445
5446	5446
5447	5447
5448	5448
5449	5449
5450	5450
5451	5451
5452	5452
5453	5453
5454	5454
5455	5455
5456	5456
5457	5457
5458	5458
5459	5459
5460	5460
5461	5461
5462	5462
5463	5463
5464	5464
5465	5465
5466	5466
5467	5467
5468	5468
5469	5469
5470	5470
5471	5471
5472	5472
5473	5473
5474	5474
5475	5475
5476	5476
5477	5477
5478	5478
5479	5479
5480	5480
5481	5481
5482	5482
5483	5483
5484	5484
5485	5485
5486	5486
5487	5487
5488	5488
5489	5489
5490	5490
5491	5491
5492	5492
5493	5493
5494	5494
5495	5495
5496	5496
5497	5497
5498	5498
5499	5499
5500	5500
5501	5501
5502	5502
5503	5503
5504	5504
5505	5505
5506	5506
5507	5507
5508	5508
5509	5509
5510	5510
5511	5511
5512	5512
5513	5513
5514	5514
5515	5515
5516	5516
5517	5517
5518	5518
5519	5519
5520	5520
5521	5521
5522	5522
5523	5523
5524	5524
5525	5525
5526	5526
5527	5527
5528	5528
5529	5529
5530	5530
5531	5531
5532	5532
5533	5533
5534	5534
5535	5535
5536	5536
5537	5537
5538	5538
5539	5539
5540	5540
5541	5541
5542	5542
5543	5543
5544	5544
5545	5545
5546	5546
5547	5547
5548	5548
5549	5549
5550	5550
5551	5551
5552	5552
5553	5553
5554	5554
5555	5555
5556	5556
5557	5557
5558	5558
5559	5559
5560	5560
5561	5561
5562	5562
5563	5563
5564	5564
5565	5565
5566	5566
5567	5567
5568	5568
5569	5569
5570	5570
5571	5571
5572	5572
5573	5573
5574	5574
5575	5575
5576	5576
5577	5577
5578	5578
5579	5579
5580	5580
5581	5581
5582	5582
5583	5583
5584	5584
5585	5585
5586	5586
