5437	0
5438	1
5439	2
5440	3
5441	4
5442	5
5443	6
5444	7
5445	8
5446	9
5447	10
5448	11
5449	12
5450	13
5451	14
5452	326
5453	327
5454	328
5455	329
5456	330
5457	331
5458	332
5459	333
5460	334
5461	335
5462	336
5463	337
5464	338
5465	339
5466	340
5467	341
5468	342
5469	343
5470	344
5471	345
5472	346
5473	347
5474	348
5475	349
5476	350
5477	351
5478	352
5479	353
5480	354
5481	355
5482	356
5483	357
5484	358
5485	359
5486	360
5487	361
5488	362
5489	363
5490	364
5491	365
5492	366
5493	367
5494	368
5495	369
5496	370
5497	371
5498	372
5499	373
5500	374
5501	375
5502	376
5503	377
5504	378
5505	379
5506	380
5507	381
5508	382
5509	383
5510	384
5511	385
5512	386
5513	387
5514	388
5515	389
5516	390
5517	391
5518	392
5519	393
5520	394
5521	395
5522	396
5523	397
5524	398
5525	399
5526	400
5527	401
5528	402
5529	403
5530	404
5531	405
5532	406
5533	407
5534	408
5535	409
5536	410
5537	411
5538	412
5539	413
5540	414
5541	415
5542	416
5543	417
5544	418
5545	419
5546	420
5547	421
5548	422
5549	423
5550	424
5551	425
5552	426
5553	427
5554	428
5555	429
5556	430
5557	431
5558	432
5559	433
5560	434
5561	435
5562	436
5563	437
5564	438
5565	439
5566	440
5567	441
5568	442
5569	443
5570	444
5571	445
5572	446
5573	447
5574	448
5575	449
5576	450
5577	451
5578	452
5579	453
5580	454
5581	455
5582	456
5583	457
5584	458
5585	459
5586	460
