5437	10	5455
5437	10	5457
5437	6	5460
5437	10	5461
5437	10	5462
5437	10	5463
5437	10	5464
5437	10	5465
5437	7	5466
5437	10	5468
5437	9	5469
5437	10	5470
5437	6	5471
5437	7	5472
5437	7	5477
5437	7	5478
5437	10	5479
5437	6	5480
5437	4	5482
5437	6	5485
5437	2	5486
5437	8	5488
5437	9	5489
5437	6	5490
5437	8	5492
5437	7	5493
5437	7	5495
5437	4	5497
5437	1	5498
5437	3	5501
5437	10	5502
5437	6	5503
5437	5	5504
5437	4	5505
5437	9	5507
5437	10	5509
5437	5	5510
5437	8	5511
5437	1	5513
5437	5	5514
5437	1	5516
5437	2	5517
5437	6	5519
5437	1	5520
5437	5	5521
5437	2	5522
5437	7	5523
5437	4	5524
5437	1	5525
5437	6	5527
5438	10	5471
5438	6	5472
5438	1	5497
5438	3	5498
5438	6	5501
5438	5	5506
5438	8	5513
5438	10	5518
5439	9	5470
5439	7	5485
5441	9	5452
5441	10	5457
5442	9	5472
5442	7	5477
5442	9	5485
5444	6	5452
5445	10	5468
5445	10	5480
5445	10	5489
5445	8	5503
5447	7	5497
5447	4	5498
5447	8	5501
5447	8	5506
5447	5	5513
5447	4	5519
5447	8	5520
5448	9	5466
5448	10	5468
5448	8	5470
5448	1	5471
5448	7	5478
5448	10	5480
5448	9	5481
5448	6	5483
5448	8	5485
5448	3	5486
5448	10	5490
5448	7	5494
5448	2	5497
5448	6	5501
5448	6	5504
5448	8	5505
5448	2	5506
5448	8	5509
5449	7	5466
5449	6	5471
5449	2	5485
5449	5	5490
5449	2	5494
5449	6	5527
5450	6	5466
5450	10	5470
5450	2	5471
5450	6	5478
5450	8	5479
5450	1	5483
5450	8	5488
5450	10	5489
5451	5	5453
5451	5	5460
5451	3	5466
5451	6	5472
5451	5	5482
5451	7	5483
5451	5	5489
5451	5	5491
5451	5	5492
5451	7	5493
5451	7	5494
5451	5	5495
5437	3	5526
5437	8	5512
5437	8	5500
5442	7	5466
5442	7	5514
5437	7	5533
5437	5	5532
5437	4	5528
5437	3	5534
5437	9	5538
5437	8	5529
5441	10	5537
5441	4	5528
5441	4	5522
5441	6	5504
5441	4	5521
5441	4	5525
5441	4	5505
5441	5	5503
5441	5	5533
5441	6	5532
5441	5	5480
5441	5	5510
5441	5	5487
5441	5	5524
5441	5	5534
5441	5	5481
5441	5	5523
5441	2	5516
5437	7	5539
5440	10	5507
5437	1	5518
5437	6	5531
5437	6	5536
5437	7	5506
5438	7	5514
5438	6	5516
5438	4	5526
5438	7	5520
5441	7	5502
5437	4	5541
5437	9	5481
5445	1	5522
5445	6	5481
5445	7	5542
5445	1	5533
5445	1	5532
5442	7	5490
5437	6	5496
5441	5	5520
5437	7	5545
5437	6	5546
5442	7	5471
5442	8	5496
5442	6	5495
5442	8	5540
5442	8	5512
5442	10	5511
5442	7	5478
5442	5	5494
5442	1	5486
5451	10	5507
5451	5	5518
5451	2	5513
5451	8	5498
5451	9	5536
5451	5	5531
5451	5	5501
5451	6	5526
5451	3	5514
5451	3	5517
5451	2	5516
5448	8	5487
5437	8	5549
5437	10	5550
5437	7	5551
5437	8	5542
5437	10	5552
5437	9	5553
5442	10	5547
5442	4	5548
5437	9	5554
5437	9	5555
5445	1	5486
5445	8	5472
5445	6	5490
5445	8	5485
5445	4	5471
5445	10	5509
5445	10	5556
5445	10	5551
5445	7	5558
5445	1	5518
5445	1	5514
5445	1	5516
5445	8	5519
5445	1	5513
5445	1	5497
5445	10	5536
5445	10	5527
5445	1	5501
5445	10	5526
5445	8	5531
5445	10	5559
5442	8	5554
5442	7	5555
5437	6	5558
5437	8	5561
5450	8	5553
5450	4	5494
5450	6	5485
5450	1	5546
5450	1	5486
5450	9	5500
5450	8	5540
5450	9	5511
5450	10	5519
5450	10	5531
5450	1	5497
5450	8	5507
5450	9	5536
5442	5	5516
5437	4	5559
5437	10	5454
5451	10	5554
5451	8	5556
5451	7	5558
5448	8	5551
5437	8	5547
5437	7	5563
5437	7	5548
5437	9	5564
5437	8	5557
5437	8	5565
5438	3	5559
5438	4	5527
5438	2	5531
5442	1	5517
5437	10	5566
5442	2	5518
5442	1	5527
5442	8	5560
5442	7	5562
5442	5	5563
5437	8	5560
5442	6	5506
5442	4	5507
5437	9	5569
5437	8	5568
5437	8	5571
5445	1	5520
5445	8	5498
5445	6	5506
5445	1	5507
5445	4	5495
5445	4	5478
5445	9	5466
5445	6	5494
5445	5	5546
5445	5	5483
5445	10	5557
5442	5	5571
5442	7	5570
5442	7	5569
5442	5	5568
5442	8	5564
5449	10	5506
5449	8	5513
5449	6	5531
5449	4	5526
5445	8	5453
5437	6	5540
5437	7	5562
5437	8	5573
5437	9	5556
5437	3	5567
5437	7	5574
5445	8	5537
5437	10	5579
5437	10	5580
5437	7	5575
5450	10	5580
5450	7	5495
5450	7	5557
5450	9	5469
5450	10	5579
5450	8	5565
5437	8	5582
5438	8	5561
5438	8	5577
5438	7	5509
5437	8	5583
5437	7	5585
5437	8	5584
5438	3	5546
5438	1	5490
5438	6	5478
5438	8	5585
5438	7	5485
5438	9	5496
5438	6	5584
5438	4	5486
5438	7	5557
5445	6	5578
5437	8	5586
5445	10	5555
5445	10	5554
5449	8	5540
5449	1	5483
5449	8	5470
5449	6	5495
5449	3	5496
5449	6	5584
5449	4	5478
5448	7	5537
5448	8	5555
5448	8	5554
5445	1	5517
5443	8	5573
5443	8	5549
5443	6	5583
5443	10	5575
5443	8	5508
5442	8	5483
5449	4	5486
5449	6	5553
5449	8	5561
5449	6	5582
5442	8	5470
5439	6	5585
5439	10	5557
5439	8	5471
5437	7	5581
5437	10	5570
5449	7	5577
5449	4	5498
5449	4	5520
5449	1	5516
5449	1	5517
5449	1	5514
5449	5	5497
5449	6	5559
5449	2	5501
5449	7	5507
5449	7	5518
5449	4	5578
5449	10	5529
5438	7	5507
5442	9	5531
5442	8	5497
5448	6	5472
5448	8	5585
5448	4	5546
5437	6	5543
5438	6	5495
5451	8	5500
5451	5	5477
5442	8	5453
5442	4	5452
5451	3	5555
5441	6	5453
5437	10	5487
5450	9	5586
5450	7	5585
5450	7	5584
5450	7	5477
5437	6	5494
5450	2	5549
5438	10	5466
5438	8	5554
5438	6	5555
5442	7	5581
5439	9	5583
5439	6	5466
5439	8	5495
5439	4	5472
5439	2	5546
5439	1	5486
5439	8	5553
5439	7	5490
5439	7	5469
5439	7	5571
5439	10	5547
5439	4	5581
5439	7	5563
5439	2	5548
5439	6	5569
5439	4	5570
5439	2	5514
5439	2	5506
5439	3	5559
5439	10	5507
5439	4	5578
5439	8	5497
5439	10	5531
5439	4	5526
5439	4	5518
5439	3	5513
5439	2	5516
5439	2	5520
5439	6	5501
5439	10	5527
5439	4	5498
5439	2	5517
5439	8	5529
5439	6	5538
5439	5	5555
5439	8	5554
5439	6	5560
5439	8	5482
5439	7	5493
5439	4	5574
5438	7	5574
5438	8	5494
5438	8	5483
5447	1	5461
5447	8	5561
5447	9	5577
5447	8	5573
5447	8	5495
5447	8	5470
5447	7	5471
5447	9	5553
5447	7	5494
5447	6	5490
5447	3	5486
5447	9	5479
5447	7	5485
5438	9	5560
5438	9	5540
5437	10	5491
5437	10	5515
5437	10	5475
5437	10	5499
5437	10	5474
5437	10	5467
5437	10	5530
5437	10	5458
5437	10	5476
5437	10	5535
5437	10	5544
5437	10	5484
5437	10	5473
5437	10	5459
5439	9	5488
5450	6	5496
5441	8	5577
5441	9	5507
5441	8	5506
5441	10	5531
5441	4	5527
5441	9	5497
5441	8	5559
5441	7	5501
5441	9	5513
5441	1	5514
5441	6	5518
5441	7	5578
5441	1	5517
5441	7	5498
5441	10	5512
5441	10	5554
5441	10	5455
5441	10	5461
5441	10	5454
5441	10	5467
5441	10	5462
5441	10	5474
5441	10	5515
5441	10	5530
5441	10	5476
5441	10	5535
5441	10	5491
5441	10	5499
5441	10	5484
5441	10	5544
5441	10	5473
5441	10	5459
5441	10	5475
5441	10	5458
5441	1	5529
5441	6	5538
5437	10	5537
5438	4	5572
5437	10	5453
5439	2	5496
5439	3	5483
5449	5	5472
5449	5	5574
5449	6	5585
5437	6	5578
5437	8	5572
5450	6	5570
5450	4	5569
5450	10	5571
5450	5	5547
5450	8	5563
5450	8	5548
5450	1	5490
5445	8	5550
5445	9	5576
5447	9	5583
5447	8	5507
5447	10	5531
5447	9	5518
5447	7	5527
5447	7	5526
5447	5	5559
5447	4	5514
5447	8	5578
5447	5	5516
5447	1	5517
5447	8	5469
5447	8	5585
5447	5	5483
5447	7	5496
5447	6	5546
5449	5	5479
5437	8	5576
5437	7	5456
5437	7	5577
5438	9	5456
5437	10	5508
5437	4	5483
5437	8	5452
5450	10	5509
5450	10	5550
5450	7	5551
5450	9	5552
5450	9	5556
5450	6	5558
5450	10	5583
