0,40
1,40
2,25
3,0
4,25
5,11
6,1
7,0
8,15
9,0
10,33
11,7
12,19
13,40
14,6
15,10
16,5
17,0
18,6
19,1
20,0
21,1
22,4
23,5
24,0
25,0
26,0
27,0
28,0
29,4
30,2
31,0
32,0
33,0
34,0
35,1
36,0
37,0
38,1
39,4
40,0
41,5
42,40
43,3
44,23
45,2
46,9
47,5
48,1
49,40
50,0
51,1
52,5
53,0
54,5
55,1
56,40
57,0
58,1
59,0
60,0
61,0
62,1
63,5
64,1
65,8
66,3
67,1
68,8
69,3
70,13
71,27
72,40
73,16
74,17
75,4
76,5
77,6
78,40
79,3
80,8
81,12
82,6
83,3
84,3
85,1
86,0
87,5
88,20
89,4
90,40
91,40
92,35
93,40
94,3
95,40
96,13
97,3
98,20
99,15
100,27
101,40
102,39
103,3
104,12
105,8
106,40
107,5
108,1
109,1
110,6
111,4
112,21
113,1
114,2
115,11
116,6
117,2
118,40
119,7
120,7
121,0
122,40
123,0
124,40
125,15
126,33
127,0
128,13
129,1
130,0
131,25
132,21
133,40
134,9
135,1
136,13
137,2
138,7
139,40
140,3
141,13
142,10
143,2
144,0
145,29
146,0
147,9
148,25
149,7
150,1
151,2
152,9
153,3
154,4
155,9
156,0
157,40
158,18
159,37
160,0
161,0
162,0
163,1
164,0
165,0
166,0
167,30
168,40
169,39
170,0
171,6
172,7
173,18
174,33
175,31
176,0
177,3
178,4
179,40
180,9
181,13
182,0
183,1
184,40
185,40
186,0
187,0
188,9
189,32
190,4
191,0
192,6
193,0
194,6
195,40
196,2
197,22
198,6
199,3
200,4
201,3
202,0
203,1
204,1
205,23
206,40
207,2
208,0
209,0
210,0
211,40
212,0
213,4
214,19
215,2
216,1
217,40
218,9
219,40
220,9
221,35
222,4
223,1
224,16
225,7
226,0
227,0
228,10
229,1
230,1
231,8
232,3
233,7
234,0
235,5
236,3
237,1
238,0
239,0
240,38
241,0
242,2
243,39
244,9
245,17
246,0
247,2
248,4
249,0
250,2
251,1
252,1
253,12
254,0
255,16
256,11
257,0
258,12
259,1
260,6
261,23
262,25
263,40
264,0
265,0
266,3
267,7
268,0
269,1
270,8
271,6
272,0
273,6
274,0
275,40
276,0
277,28
278,1
279,0
280,5
281,7
282,8
283,16
284,0
285,15
286,40
287,1
288,40
289,21
290,14
291,24
292,4
293,3
294,7
295,5
296,0
297,0
298,2
299,9
300,1
301,5
302,32
303,0
304,4
305,0
306,0
307,4
308,0
309,0
310,16
311,1
312,1
313,4
314,5
315,1
316,0
317,1
318,9
319,15
320,8
321,1
322,2
323,0
324,3
325,1
326,43
327,45
328,43
329,41
330,52
331,41
332,41
333,41
334,42
335,41
336,41
337,41
338,41
339,41
340,43
341,42
342,41
343,43
344,44
345,43
346,44
347,41
348,41
349,41
350,41
351,42
352,43
353,42
354,42
355,44
356,41
357,46
358,41
359,45
360,46
361,42
362,42
363,43
364,44
365,41
366,41
367,41
368,44
369,43
370,44
371,50
372,51
373,41
374,42
375,53
376,41
377,42
378,42
379,42
380,48
381,56
382,44
383,42
384,42
385,43
386,42
387,52
388,51
389,41
390,49
391,45
392,52
393,42
394,47
395,42
396,42
397,42
398,42
399,42
400,49
401,47
402,42
403,44
404,41
405,55
406,42
407,42
408,42
409,41
410,42
411,43
412,42
413,41
414,42
415,41
416,42
417,41
418,41
419,42
420,43
421,46
422,45
423,42
424,41
425,42
426,42
427,43
428,57
429,50
430,44
431,42
432,43
433,48
434,42
435,42
436,41
437,46
438,43
439,41
440,41
441,42
442,44
443,45
444,46
445,45
446,42
447,43
448,42
449,41
450,43
451,45
452,51
453,41
454,41
455,45
456,41
457,43
458,42
459,43
460,41
461,41
462,45
463,43
464,43
465,44
466,42
467,41
468,43
469,41
470,44
471,42
472,43
473,41
474,42
475,44
476,45
477,44
478,46
479,46
480,42
481,41
482,44
483,44
484,45
485,42
486,41
487,42
488,54
489,46
490,41
491,41
492,41
493,41
494,41
495,41
496,42
497,42
498,41
499,41
500,41
501,41
502,44
503,44
504,44
505,41
506,42
507,41
508,42
509,41
510,46
511,41
512,42
513,43
514,42
515,42
516,42
517,41
518,41
519,41
520,41
521,41
522,43
523,42
524,49
525,47
526,41
527,41
528,41
529,43
530,46
531,43
532,43
533,42
534,42
535,41
536,41
537,41
538,48
539,43
540,42
541,42
542,43
543,43
544,41
545,42
546,42
547,42
548,42
549,42
550,43
551,44
552,44
553,49
554,43
555,42
556,42
557,41
558,43
559,42
560,42
561,44
562,41
563,41
564,41
565,44
566,42
567,42
568,45
569,46
570,41
571,45
572,47
573,48
574,43
575,44
576,44
577,45
578,45
579,49
580,41
581,47
582,44
583,45
584,46
585,48
586,42
587,50
588,50
589,43
590,54
591,47
592,45
593,46
594,43
595,43
596,41
597,44
598,42
599,42
600,41
601,41
602,41
603,41
604,41
605,48
606,41
607,41
608,41
609,41
610,41
611,41
612,41
613,42
614,41
615,41
616,44
617,41
618,41
619,56
620,50
621,48
622,44
623,41
624,50
625,49
626,52
627,51
628,42
629,43
630,42
631,43
632,42
633,41
634,41
635,42
636,41
637,41
638,41
639,41
640,41
641,41
642,41
643,41
644,41
645,41
646,41
647,41
648,42
649,56
650,41
651,41
652,44
653,43
654,41
655,43
656,41
657,43
658,41
659,44
660,44
661,43
662,55
663,46
664,41
665,44
666,44
667,41
668,41
669,45
670,41
671,41
672,41
673,41
674,41
675,45
676,43
677,41
678,41
679,41
680,41
681,41
682,43
683,54
684,41
685,45
686,42
687,41
688,47
689,43
690,42
691,43
692,46
693,41
694,41
695,41
696,41
697,45
698,44
699,44
700,46
701,47
702,41
703,44
704,42
705,47
706,42
707,41
708,41
709,43
710,45
711,43
712,45
713,45
714,41
715,45
716,50
717,41
718,45
719,45
720,42
721,48
722,45
723,44
724,43
725,41
726,41
727,50
728,44
729,42
730,48
731,46
732,45
733,51
734,41
735,41
736,41
737,44
738,44
739,44
740,45
741,44
742,49
743,42
744,41
745,43
746,42
747,42
748,42
749,46
750,50
751,48
752,44
753,43
754,47
755,47
756,45
757,44
758,43
759,43
760,46
761,42
762,41
763,45
764,45
765,42
766,45
767,45
768,50
769,43
770,41
771,43
772,42
773,47
774,46
775,46
776,43
777,42
778,47
779,42
780,46
781,42
782,44
783,42
784,45
785,41
786,46
787,42
788,44
789,46
790,44
791,41
792,47
793,41
794,43
795,48
796,47
797,47
798,41
799,41
800,41
801,41
802,43
803,41
804,41
805,41
806,41
807,41
808,42
809,41
810,41
811,46
812,42
813,42
814,41
815,41
816,41
817,45
818,41
819,41
820,43
821,41
822,41
823,41
824,41
825,41
826,47
827,43
828,41
829,41
830,41
831,41
832,42
833,41
834,51
835,44
836,43
837,45
838,41
839,45
840,43
841,43
842,41
843,46
844,48
845,41
846,43
847,41
848,41
849,41
850,41
851,44
852,43
853,42
854,43
855,44
856,41
857,42
858,42
859,43
860,42
861,41
862,41
863,42
864,41
865,41
866,41
867,41
868,41
869,41
870,42
871,48
872,41
873,43
874,42
875,41
876,41
877,41
878,41
879,43
880,52
881,41
882,43
883,41
884,41
885,41
886,41
887,41
888,41
889,41
890,41
891,42
892,42
893,41
894,41
895,41
896,41
897,41
898,41
899,41
900,41
901,42
902,42
903,41
904,41
905,41
906,42
907,42
908,41
909,42
910,49
911,48
912,41
913,42
914,43
915,41
916,43
917,43
918,41
919,47
920,43
921,42
922,41
923,42
924,42
925,42
926,42
927,42
928,41
929,41
930,41
931,42
932,41
933,41
934,41
935,42
936,41
937,41
938,41
939,41
940,41
941,42
942,41
943,41
944,41
945,41
946,41
947,41
948,41
949,42
950,42
951,42
952,42
953,42
954,42
955,42
956,42
957,42
958,42
959,42
960,42
961,42
962,42
963,41
964,41
965,41
966,41
967,41
968,41
969,41
970,42
971,41
972,41
973,41
974,43
975,41
976,41
977,41
978,42
979,42
980,43
981,41
982,41
983,42
984,41
985,42
986,42
987,41
988,44
989,43
990,43
991,41
992,41
993,41
994,41
995,42
996,41
997,41
998,42
999,42
1000,42
1001,42
1002,41
1003,41
1004,42
1005,41
1006,42
1007,41
1008,41
1009,41
1010,41
1011,41
1012,44
1013,46
1014,42
1015,54
1016,48
1017,41
1018,43
1019,42
1020,44
1021,41
1022,41
1023,47
1024,41
1025,43
1026,46
1027,47
1028,47
1029,49
1030,43
1031,42
1032,43
1033,42
1034,41
1035,43
1036,43
1037,41
1038,41
1039,48
1040,41
1041,42
1042,41
1043,41
1044,42
1045,44
1046,42
1047,50
1048,41
1049,45
1050,47
1051,43
1052,41
1053,44
1054,44
1055,41
1056,44
1057,41
1058,50
1059,44
1060,42
1061,41
1062,44
1063,42
1064,43
1065,43
1066,50
1067,45
1068,46
1069,48
1070,47
1071,41
1072,45
1073,48
1074,43
1075,47
1076,44
1077,44
1078,47
1079,46
1080,44
1081,44
1082,44
1083,42
1084,46
1085,41
1086,41
1087,46
1088,41
1089,48
1090,41
1091,44
1092,43
1093,42
1094,41
1095,43
1096,41
1097,43
1098,41
1099,44
1100,42
1101,42
1102,41
1103,41
1104,43
1105,48
1106,42
1107,45
1108,41
1109,41
1110,44
1111,41
1112,42
1113,42
1114,45
1115,45
1116,43
1117,43
1118,48
1119,42
1120,42
1121,44
1122,43
1123,43
1124,43
1125,43
1126,42
1127,42
1128,41
1129,41
1130,41
1131,41
1132,41
1133,41
1134,41
1135,44
1136,41
1137,41
1138,41
1139,41
1140,41
1141,41
1142,41
1143,42
1144,44
1145,43
1146,44
1147,44
1148,47
1149,41
1150,41
1151,41
1152,41
1153,41
1154,41
1155,41
1156,41
1157,43
1158,42
1159,44
1160,47
1161,45
1162,43
1163,42
1164,43
1165,43
1166,41
1167,41
1168,41
1169,42
1170,42
1171,42
1172,41
1173,41
1174,41
1175,42
1176,41
1177,46
1178,44
1179,44
1180,44
1181,45
1182,42
1183,41
1184,43
1185,44
1186,43
1187,42
1188,42
1189,46
1190,42
1191,43
1192,46
1193,41
1194,42
1195,42
1196,42
1197,44
1198,43
1199,42
1200,45
1201,42
1202,42
1203,42
1204,42
1205,43
1206,45
1207,48
1208,42
1209,42
1210,46
1211,44
1212,43
1213,43
1214,41
1215,41
1216,41
1217,42
1218,41
1219,41
1220,41
1221,42
1222,41
1223,41
1224,41
1225,41
1226,41
1227,41
1228,42
1229,41
1230,41
1231,41
1232,41
1233,41
1234,42
1235,43
1236,41
1237,41
1238,44
1239,42
1240,44
1241,44
1242,42
1243,47
1244,43
1245,43
1246,43
1247,43
1248,41
1249,42
1250,45
1251,46
1252,46
1253,47
1254,43
1255,42
1256,41
1257,43
1258,41
1259,42
1260,41
1261,41
1262,43
1263,41
1264,42
1265,43
1266,41
1267,41
1268,42
1269,41
1270,41
1271,41
1272,41
1273,41
1274,41
1275,41
1276,42
1277,41
1278,41
1279,41
1280,43
1281,45
1282,46
1283,46
1284,43
1285,48
1286,42
1287,43
1288,44
1289,41
1290,41
1291,42
1292,42
1293,43
1294,41
1295,41
1296,41
1297,42
1298,43
1299,45
1300,42
1301,41
1302,42
1303,41
1304,42
1305,42
1306,44
1307,41
1308,41
1309,42
1310,41
1311,41
1312,41
1313,41
1314,41
1315,41
1316,41
1317,41
1318,42
1319,41
1320,41
1321,41
1322,41
1323,41
1324,41
1325,41
1326,41
1327,41
1328,41
1329,41
1330,45
1331,42
1332,42
1333,42
1334,42
1335,42
1336,41
1337,43
1338,43
1339,42
1340,42
1341,42
1342,42
1343,42
1344,44
1345,41
1346,41
1347,41
1348,41
1349,41
1350,41
1351,41
1352,41
1353,42
1354,42
1355,41
1356,41
1357,41
1358,43
1359,41
1360,42
1361,41
1362,42
1363,43
1364,43
1365,41
1366,41
1367,41
1368,41
1369,44
1370,41
1371,41
1372,41
1373,41
1374,41
1375,41
1376,41
1377,41
1378,41
1379,41
1380,41
1381,41
1382,41
1383,41
1384,41
1385,46
1386,41
1387,41
1388,42
1389,41
1390,41
1391,42
1392,41
1393,41
1394,43
1395,43
1396,41
1397,42
1398,41
1399,41
1400,41
1401,41
1402,41
1403,41
1404,41
1405,41
1406,41
1407,41
1408,41
1409,41
1410,41
1411,41
1412,41
1413,41
1414,41
1415,41
1416,41
1417,41
1418,41
1419,42
1420,41
1421,42
1422,41
1423,41
1424,41
1425,42
1426,41
1427,41
1428,41
1429,41
1430,41
1431,41
1432,41
1433,41
1434,41
1435,42
1436,41
1437,41
1438,41
1439,41
1440,41
1441,41
1442,44
1443,47
1444,41
1445,41
1446,41
1447,41
1448,41
1449,41
1450,45
1451,48
1452,46
1453,41
1454,48
1455,41
1456,44
1457,51
1458,50
1459,45
1460,41
1461,42
1462,41
1463,41
1464,41
1465,42
1466,42
1467,43
1468,42
1469,42
1470,41
1471,42
1472,42
1473,41
1474,41
1475,42
1476,41
1477,43
1478,41
1479,42
1480,42
1481,44
1482,43
1483,43
1484,41
1485,45
1486,45
1487,46
1488,44
1489,50
1490,45
1491,42
1492,43
1493,43
1494,46
1495,46
1496,43
1497,45
1498,46
1499,46
1500,41
1501,43
1502,46
1503,45
1504,48
1505,45
1506,43
1507,41
1508,44
1509,45
1510,45
1511,46
1512,42
1513,45
1514,47
1515,42
1516,42
1517,48
1518,43
1519,44
1520,43
1521,44
1522,45
1523,42
1524,45
1525,44
1526,41
1527,41
1528,41
1529,43
1530,42
1531,41
1532,44
1533,41
1534,44
1535,43
1536,44
1537,46
1538,44
1539,42
1540,44
1541,43
1542,41
1543,43
1544,45
1545,43
1546,42
1547,41
1548,41
1549,44
1550,41
1551,41
1552,44
1553,43
1554,43
1555,46
1556,42
1557,42
1558,42
1559,43
1560,45
1561,42
1562,42
1563,46
1564,42
1565,44
1566,45
1567,41
1568,45
1569,44
1570,41
1571,42
1572,42
1573,41
1574,42
1575,43
1576,45
1577,41
1578,44
1579,43
1580,41
1581,44
1582,41
1583,42
1584,46
1585,42
1586,42
1587,43
1588,42
1589,42
1590,42
1591,43
1592,45
1593,43
1594,41
1595,45
1596,42
1597,44
1598,42
1599,49
1600,41
1601,44
1602,44
1603,43
1604,46
1605,43
1606,43
1607,43
1608,42
1609,45
1610,42
1611,47
1612,41
1613,41
1614,44
1615,41
1616,41
1617,45
1618,43
1619,42
1620,43
1621,43
1622,47
1623,43
1624,43
1625,47
1626,43
1627,45
1628,42
1629,43
1630,42
1631,44
1632,42
1633,46
1634,43
1635,43
1636,41
1637,42
1638,41
1639,41
1640,41
1641,42
1642,44
1643,44
1644,44
1645,41
1646,42
1647,43
1648,42
1649,42
1650,41
1651,41
1652,42
1653,41
1654,41
1655,41
1656,42
1657,41
1658,41
1659,41
1660,41
1661,41
1662,41
1663,41
1664,41
1665,41
1666,41
1667,43
1668,42
1669,41
1670,41
1671,41
1672,41
1673,41
1674,41
1675,42
1676,42
1677,42
1678,42
1679,42
1680,42
1681,42
1682,41
1683,41
1684,41
1685,41
1686,41
1687,42
1688,41
1689,41
1690,41
1691,41
1692,41
1693,41
1694,41
1695,41
1696,41
1697,43
1698,42
1699,42
1700,42
1701,42
1702,43
1703,42
1704,42
1705,42
1706,42
1707,42
1708,43
1709,43
1710,43
1711,43
1712,44
1713,42
1714,44
1715,45
1716,44
1717,45
1718,44
1719,43
1720,44
1721,43
1722,43
1723,45
1724,44
1725,43
1726,46
1727,41
1728,41
1729,41
1730,42
1731,42
1732,42
1733,41
1734,41
1735,43
1736,41
1737,43
1738,42
1739,42
1740,42
1741,43
1742,44
1743,44
1744,46
1745,45
1746,41
1747,41
1748,41
1749,41
1750,41
1751,41
1752,41
1753,42
1754,41
1755,41
1756,41
1757,41
1758,41
1759,41
1760,41
1761,41
1762,41
1763,41
1764,41
1765,41
1766,42
1767,41
1768,41
1769,42
1770,45
1771,42
1772,43
1773,41
1774,41
1775,41
1776,41
1777,42
1778,41
1779,41
1780,41
1781,41
1782,41
1783,41
1784,41
1785,41
1786,41
1787,41
1788,41
1789,41
1790,41
1791,41
1792,42
1793,47
1794,43
1795,43
1796,43
1797,43
1798,44
1799,43
1800,41
1801,42
1802,42
1803,44
1804,41
1805,41
1806,41
1807,41
1808,42
1809,45
1810,43
1811,42
1812,45
1813,45
1814,42
1815,42
1816,43
1817,42
1818,42
1819,41
1820,42
1821,45
1822,42
1823,42
1824,42
1825,42
1826,44
1827,44
1828,44
1829,44
1830,43
1831,43
1832,43
1833,43
1834,43
1835,43
1836,43
1837,43
1838,42
1839,44
1840,43
1841,43
1842,43
1843,42
1844,43
1845,43
1846,44
1847,43
1848,44
1849,42
1850,43
1851,44
1852,42
1853,45
1854,45
1855,44
1856,46
1857,43
1858,42
1859,42
1860,43
1861,42
1862,43
1863,43
1864,43
1865,45
1866,42
1867,43
1868,43
1869,45
1870,42
1871,43
1872,44
1873,45
1874,42
1875,43
1876,42
1877,42
1878,42
1879,43
1880,43
1881,44
1882,43
1883,44
1884,44
1885,41
1886,41
1887,41
1888,41
1889,44
1890,45
1891,42
1892,41
1893,42
1894,42
1895,41
1896,41
1897,43
1898,42
1899,41
1900,41
1901,42
1902,42
1903,41
1904,42
1905,43
1906,43
1907,42
1908,41
1909,41
1910,41
1911,41
1912,41
1913,41
1914,42
1915,44
1916,41
1917,42
1918,41
1919,41
1920,41
1921,41
1922,41
1923,41
1924,41
1925,41
1926,41
1927,41
1928,41
1929,41
1930,41
1931,42
1932,43
1933,41
1934,41
1935,41
1936,41
1937,41
1938,41
1939,41
1940,41
1941,41
1942,41
1943,41
1944,41
1945,41
1946,41
1947,41
1948,41
1949,41
1950,43
1951,41
1952,42
1953,42
1954,43
1955,46
1956,43
1957,42
1958,45
1959,42
1960,43
1961,42
1962,42
1963,41
1964,42
1965,42
1966,43
1967,42
1968,45
1969,44
1970,42
1971,41
1972,42
1973,43
1974,43
1975,42
1976,42
1977,43
1978,42
1979,41
1980,43
1981,43
1982,42
1983,43
1984,42
1985,42
1986,42
1987,42
1988,42
1989,44
1990,43
1991,43
1992,44
1993,43
1994,42
1995,42
1996,42
1997,41
1998,42
1999,42
2000,42
2001,43
2002,43
2003,42
2004,42
2005,42
2006,42
2007,44
2008,42
2009,42
2010,43
2011,45
2012,44
2013,42
2014,42
2015,44
2016,47
2017,42
2018,42
2019,42
2020,41
2021,43
2022,41
2023,42
2024,42
2025,41
2026,42
2027,42
2028,41
2029,42
2030,41
2031,44
2032,43
2033,43
2034,43
2035,43
2036,42
2037,42
2038,43
2039,43
2040,41
2041,42
2042,42
2043,42
2044,44
2045,42
2046,42
2047,42
2048,44
2049,43
2050,42
2051,42
2052,42
2053,42
2054,42
2055,42
2056,42
2057,41
2058,43
2059,41
2060,41
2061,41
2062,41
2063,41
2064,41
2065,41
2066,41
2067,41
2068,41
2069,41
2070,41
2071,41
2072,41
2073,41
2074,41
2075,41
2076,41
2077,41
2078,41
2079,45
2080,41
2081,41
2082,41
2083,42
2084,41
2085,41
2086,41
2087,41
2088,41
2089,41
2090,41
2091,41
2092,41
2093,41
2094,42
2095,41
2096,41
2097,41
2098,42
2099,42
2100,42
2101,41
2102,42
2103,41
2104,42
2105,42
2106,41
2107,41
2108,41
2109,41
2110,41
2111,41
2112,41
2113,41
2114,41
2115,41
2116,41
2117,41
2118,41
2119,41
2120,41
2121,41
2122,41
2123,41
2124,41
2125,41
2126,41
2127,41
2128,41
2129,41
2130,41
2131,42
2132,41
2133,41
2134,42
2135,41
2136,41
2137,41
2138,42
2139,41
2140,41
2141,41
2142,41
2143,41
2144,41
2145,41
2146,41
2147,41
2148,41
2149,42
2150,41
2151,41
2152,41
2153,41
2154,41
2155,41
2156,41
2157,41
2158,41
2159,41
2160,41
2161,41
2162,41
2163,41
2164,41
2165,41
2166,41
2167,41
2168,41
2169,41
2170,41
2171,41
2172,41
2173,41
2174,41
2175,41
2176,41
2177,41
2178,41
2179,41
2180,46
2181,43
2182,43
2183,41
2184,41
2185,41
2186,41
2187,41
2188,42
2189,42
2190,42
2191,42
2192,42
2193,42
2194,41
2195,41
2196,42
2197,41
2198,41
2199,42
2200,41
2201,41
2202,41
2203,41
2204,41
2205,41
2206,41
2207,41
2208,41
2209,41
2210,42
2211,41
2212,41
2213,41
2214,41
2215,41
2216,41
2217,41
2218,41
2219,41
2220,43
2221,41
2222,41
2223,42
2224,41
2225,41
2226,43
2227,41
2228,41
2229,41
2230,41
2231,43
2232,42
2233,43
2234,42
2235,41
2236,41
2237,41
2238,41
2239,41
2240,41
2241,41
2242,42
2243,44
2244,41
2245,43
2246,42
2247,41
2248,41
2249,42
2250,41
2251,44
2252,43
2253,41
2254,42
2255,42
2256,41
2257,45
2258,41
2259,43
2260,42
2261,41
2262,44
2263,41
2264,42
2265,43
2266,41
2267,42
2268,41
2269,43
2270,41
2271,42
2272,41
2273,43
2274,42
2275,42
2276,43
2277,41
2278,42
2279,42
2280,42
2281,41
2282,41
2283,43
2284,41
2285,41
2286,42
2287,41
2288,41
2289,41
2290,41
2291,41
2292,41
2293,41
2294,41
2295,42
2296,41
2297,41
2298,41
2299,41
2300,41
2301,41
2302,41
2303,41
2304,41
2305,41
2306,41
2307,41
2308,42
2309,42
2310,42
2311,41
2312,42
2313,41
2314,43
2315,42
2316,43
2317,42
2318,41
2319,41
2320,41
2321,41
2322,41
2323,41
2324,43
2325,41
2326,41
2327,41
2328,42
2329,41
2330,41
2331,41
2332,41
2333,41
2334,41
2335,41
2336,42
2337,43
2338,42
2339,41
2340,42
2341,43
2342,42
2343,41
2344,41
2345,41
2346,44
2347,41
2348,41
2349,42
2350,41
2351,41
2352,43
2353,41
2354,41
2355,41
2356,41
2357,43
2358,41
2359,43
2360,41
2361,41
2362,41
2363,41
2364,41
2365,44
2366,42
2367,42
2368,41
2369,41
2370,41
2371,41
2372,41
2373,43
2374,43
2375,41
2376,41
2377,41
2378,41
2379,41
2380,41
2381,41
2382,41
2383,41
2384,41
2385,41
2386,42
2387,41
2388,42
2389,41
2390,41
2391,43
2392,41
2393,43
2394,41
2395,42
2396,41
2397,41
2398,41
2399,41
2400,41
2401,41
2402,41
2403,41
2404,41
2405,41
2406,41
2407,41
2408,41
2409,41
2410,41
2411,41
2412,41
2413,41
2414,41
2415,42
2416,41
2417,41
2418,41
2419,43
2420,42
2421,41
2422,41
2423,41
2424,41
2425,41
2426,41
2427,41
2428,41
2429,41
2430,41
2431,41
2432,41
2433,42
2434,41
2435,41
2436,42
2437,41
2438,41
2439,41
2440,41
2441,42
2442,41
2443,42
2444,43
2445,41
2446,45
2447,41
2448,41
2449,41
2450,41
2451,43
2452,41
2453,41
2454,41
2455,43
2456,41
2457,41
2458,41
2459,41
2460,41
2461,41
2462,41
2463,41
2464,41
2465,41
2466,41
2467,41
2468,42
2469,41
2470,41
2471,42
2472,42
2473,42
2474,42
2475,41
2476,44
2477,41
2478,41
2479,41
2480,42
2481,41
2482,41
2483,41
2484,41
2485,44
2486,41
2487,41
2488,41
2489,42
2490,41
2491,41
2492,41
2493,43
2494,43
2495,42
2496,41
2497,41
2498,42
2499,42
2500,42
2501,41
2502,42
2503,41
2504,42
2505,42
2506,41
2507,41
2508,41
2509,42
2510,42
2511,41
2512,41
2513,43
2514,42
2515,42
2516,41
2517,41
2518,43
2519,41
2520,41
2521,41
2522,42
2523,41
2524,41
2525,42
2526,41
2527,42
2528,42
2529,41
2530,41
2531,41
2532,42
2533,43
2534,43
2535,42
2536,42
2537,41
2538,41
2539,43
2540,42
2541,43
2542,41
2543,41
2544,43
2545,42
2546,41
2547,41
2548,42
2549,42
2550,41
2551,41
2552,41
2553,41
2554,41
2555,41
2556,41
2557,41
2558,41
2559,42
2560,41
2561,41
2562,41
2563,41
2564,41
2565,41
2566,41
2567,41
2568,41
2569,41
2570,41
2571,41
2572,42
2573,41
2574,41
2575,41
2576,42
2577,44
2578,41
2579,42
2580,42
2581,41
2582,41
2583,41
2584,41
2585,41
2586,41
2587,42
2588,41
2589,41
2590,41
2591,41
2592,41
2593,41
2594,41
2595,41
2596,41
2597,41
2598,41
2599,41
2600,41
2601,41
2602,42
2603,41
2604,41
2605,42
2606,42
2607,42
2608,41
2609,41
2610,41
2611,41
2612,41
2613,41
2614,41
2615,42
2616,41
2617,41
2618,41
2619,41
2620,42
2621,41
2622,41
2623,41
2624,41
2625,41
2626,42
2627,41
2628,41
2629,42
2630,42
2631,41
2632,41
2633,41
2634,42
2635,41
2636,41
2637,41
2638,41
2639,41
2640,41
2641,41
2642,42
2643,41
2644,41
2645,41
2646,41
2647,42
2648,41
2649,41
2650,42
2651,41
2652,43
2653,41
2654,41
2655,43
2656,41
2657,42
2658,42
2659,42
2660,41
2661,43
2662,41
2663,42
2664,41
2665,41
2666,41
2667,41
2668,41
2669,41
2670,41
2671,41
2672,41
2673,41
2674,41
2675,41
2676,41
2677,42
2678,42
2679,41
2680,42
2681,41
2682,42
2683,42
2684,41
2685,41
2686,42
2687,42
2688,42
2689,41
2690,42
2691,41
2692,41
2693,41
2694,41
2695,42
2696,41
2697,41
2698,41
2699,41
2700,42
2701,42
2702,41
2703,42
2704,41
2705,41
2706,42
2707,42
2708,41
2709,41
2710,41
2711,41
2712,42
2713,42
2714,44
2715,45
2716,43
2717,42
2718,41
2719,41
2720,42
2721,45
2722,44
2723,42
2724,42
2725,41
2726,41
2727,42
2728,43
2729,41
2730,41
2731,41
2732,42
2733,41
2734,41
2735,42
2736,43
2737,42
2738,42
2739,42
2740,41
2741,41
2742,41
2743,42
2744,43
2745,41
2746,41
2747,41
2748,46
2749,41
2750,42
2751,42
2752,41
2753,41
2754,42
2755,41
2756,41
2757,44
2758,41
2759,42
2760,41
2761,41
2762,41
2763,41
2764,41
2765,42
2766,41
2767,42
2768,42
2769,42
2770,42
2771,41
2772,42
2773,41
2774,41
2775,41
2776,41
2777,41
2778,41
2779,41
2780,41
2781,42
2782,43
2783,42
2784,41
2785,41
2786,41
2787,41
2788,41
2789,41
2790,41
2791,41
2792,42
2793,41
2794,41
2795,41
2796,41
2797,41
2798,41
2799,45
2800,42
2801,41
2802,41
2803,43
2804,42
2805,42
2806,41
2807,42
2808,42
2809,41
2810,42
2811,41
2812,42
2813,41
2814,42
2815,42
2816,41
2817,42
2818,42
2819,41
2820,44
2821,42
2822,43
2823,44
2824,41
2825,42
2826,41
2827,42
2828,42
2829,41
2830,42
2831,42
2832,41
2833,41
2834,42
2835,43
2836,42
2837,41
2838,41
2839,41
2840,42
2841,41
2842,42
2843,42
2844,41
2845,42
2846,43
2847,41
2848,41
2849,42
2850,42
2851,41
2852,43
2853,41
2854,41
2855,41
2856,41
2857,41
2858,42
2859,41
2860,41
2861,41
2862,42
2863,41
2864,43
2865,44
2866,42
2867,42
2868,41
2869,41
2870,43
2871,42
2872,42
2873,41
2874,41
2875,41
2876,41
2877,43
2878,41
2879,43
2880,41
2881,41
2882,42
2883,41
2884,43
2885,42
2886,42
2887,42
2888,42
2889,41
2890,41
2891,42
2892,42
2893,43
2894,41
2895,42
2896,41
2897,41
2898,41
2899,41
2900,43
2901,41
2902,42
2903,42
2904,42
2905,41
2906,41
2907,43
2908,41
2909,42
2910,41
2911,43
2912,41
2913,42
2914,42
2915,42
2916,41
2917,41
2918,41
2919,41
2920,43
2921,42
2922,44
2923,42
2924,41
2925,42
2926,41
2927,42
2928,41
2929,43
2930,42
2931,41
2932,41
2933,41
2934,43
2935,41
2936,41
2937,41
2938,41
2939,41
2940,42
2941,41
2942,41
2943,41
2944,41
2945,41
2946,43
2947,42
2948,42
2949,42
2950,41
2951,41
2952,42
2953,41
2954,41
2955,41
2956,41
2957,41
2958,41
2959,41
2960,41
2961,41
2962,41
2963,41
2964,41
2965,42
2966,44
2967,42
2968,41
2969,41
2970,41
2971,41
2972,42
2973,41
2974,42
2975,41
2976,41
2977,41
2978,41
2979,41
2980,41
2981,42
2982,41
2983,41
2984,41
2985,41
2986,41
2987,41
2988,41
2989,41
2990,42
2991,41
2992,41
2993,41
2994,41
2995,41
2996,41
2997,43
2998,41
2999,41
3000,43
3001,41
3002,41
3003,41
3004,41
3005,41
3006,41
3007,41
3008,41
3009,41
3010,43
3011,43
3012,41
3013,42
3014,42
3015,41
3016,43
3017,41
3018,41
3019,41
3020,41
3021,41
3022,41
3023,41
3024,41
3025,41
3026,42
3027,41
3028,42
3029,42
3030,41
3031,42
3032,41
3033,41
3034,42
3035,41
3036,41
3037,41
3038,42
3039,42
3040,42
3041,41
3042,41
3043,41
3044,41
3045,41
3046,41
3047,42
3048,42
3049,41
3050,41
3051,41
3052,41
3053,41
3054,41
3055,41
3056,41
3057,41
3058,41
3059,41
3060,41
3061,41
3062,41
3063,41
3064,41
3065,41
3066,41
3067,41
3068,41
3069,42
3070,41
3071,41
3072,41
3073,41
3074,41
3075,41
3076,41
3077,41
3078,41
3079,41
3080,42
3081,41
3082,41
3083,41
3084,41
3085,41
3086,41
3087,42
3088,41
3089,41
3090,41
3091,41
3092,41
3093,42
3094,42
3095,41
3096,42
3097,41
3098,41
3099,41
3100,42
3101,41
3102,43
3103,41
3104,42
3105,41
3106,41
3107,41
3108,41
3109,41
3110,41
3111,42
3112,41
3113,41
3114,41
3115,41
3116,41
3117,41
3118,41
3119,41
3120,41
3121,41
3122,41
3123,41
3124,41
3125,41
3126,41
3127,41
3128,41
3129,41
3130,41
3131,41
3132,41
3133,41
3134,41
3135,41
3136,41
3137,41
3138,42
3139,41
3140,42
3141,41
3142,41
3143,41
3144,41
3145,41
3146,41
3147,41
3148,41
3149,41
3150,41
3151,41
3152,41
3153,41
3154,41
3155,41
3156,42
3157,42
3158,41
3159,41
3160,41
3161,42
3162,42
3163,42
3164,41
3165,41
3166,41
3167,41
3168,41
3169,41
3170,41
3171,41
3172,41
3173,41
3174,41
3175,41
3176,41
3177,41
3178,41
3179,41
3180,41
3181,41
3182,42
3183,41
3184,41
3185,41
3186,41
3187,41
3188,41
3189,41
3190,41
3191,41
3192,41
3193,41
3194,41
3195,41
3196,41
3197,41
3198,41
3199,41
3200,41
3201,41
3202,42
3203,41
3204,41
3205,41
3206,41
3207,41
3208,41
3209,41
3210,41
3211,41
3212,41
3213,41
3214,41
3215,41
3216,41
3217,41
3218,41
3219,41
3220,41
3221,41
3222,41
3223,41
3224,41
3225,41
3226,41
3227,41
3228,41
3229,41
3230,41
3231,41
3232,41
3233,41
3234,41
3235,41
3236,41
3237,42
3238,41
3239,41
3240,41
3241,43
3242,41
3243,41
3244,41
3245,42
3246,41
3247,41
3248,41
3249,41
3250,41
3251,41
3252,41
3253,41
3254,41
3255,42
3256,41
3257,41
3258,41
3259,42
3260,41
3261,43
3262,41
3263,41
3264,41
3265,41
3266,42
3267,42
3268,41
3269,41
3270,41
3271,41
3272,41
3273,41
3274,41
3275,41
3276,41
3277,41
3278,42
3279,41
3280,42
3281,41
3282,41
3283,41
3284,42
3285,41
3286,41
3287,41
3288,41
3289,41
3290,41
3291,41
3292,41
3293,41
3294,43
3295,41
3296,41
3297,41
3298,41
3299,41
3300,41
3301,41
3302,41
3303,42
3304,41
3305,42
3306,42
3307,41
3308,41
3309,43
3310,41
3311,42
3312,41
3313,42
3314,43
3315,41
3316,41
3317,41
3318,41
3319,41
3320,41
3321,41
3322,41
3323,41
3324,41
3325,41
3326,42
3327,41
3328,41
3329,41
3330,41
3331,41
3332,41
3333,41
3334,41
3335,41
3336,41
3337,41
3338,41
3339,41
3340,41
3341,41
3342,41
3343,41
3344,42
3345,41
3346,41
3347,41
3348,41
3349,41
3350,41
3351,41
3352,42
3353,42
3354,42
3355,41
3356,41
3357,41
3358,41
3359,41
3360,42
3361,41
3362,41
3363,41
3364,41
3365,41
3366,41
3367,41
3368,42
3369,41
3370,41
3371,41
3372,41
3373,41
3374,42
3375,41
3376,42
3377,41
3378,41
3379,41
3380,41
3381,41
3382,41
3383,42
3384,43
3385,41
3386,41
3387,41
3388,41
3389,41
3390,41
3391,42
3392,43
3393,41
3394,41
3395,41
3396,43
3397,42
3398,41
3399,41
3400,41
3401,41
3402,42
3403,41
3404,41
3405,41
3406,41
3407,41
3408,41
3409,41
3410,41
3411,41
3412,41
3413,41
3414,41
3415,41
3416,41
3417,41
3418,41
3419,41
3420,41
3421,41
3422,43
3423,42
3424,41
3425,41
3426,42
3427,41
3428,41
3429,41
3430,41
3431,41
3432,42
3433,41
3434,41
3435,41
3436,41
3437,41
3438,41
3439,41
3440,43
3441,41
3442,41
3443,41
3444,41
3445,41
3446,41
3447,41
3448,41
3449,42
3450,41
3451,43
3452,42
3453,41
3454,41
3455,41
3456,41
3457,41
3458,41
3459,42
3460,41
3461,41
3462,41
3463,41
3464,41
3465,41
3466,41
3467,41
3468,42
3469,41
3470,41
3471,41
3472,41
3473,41
3474,41
3475,41
3476,41
3477,41
3478,41
3479,42
3480,41
3481,41
3482,41
3483,41
3484,41
3485,42
3486,41
3487,41
3488,41
3489,41
3490,42
3491,41
3492,41
3493,41
3494,41
3495,41
3496,41
3497,41
3498,41
3499,41
3500,41
3501,41
3502,41
3503,41
3504,41
3505,41
3506,41
3507,41
3508,41
3509,41
3510,41
3511,41
3512,41
3513,41
3514,41
3515,41
3516,41
3517,41
3518,41
3519,41
3520,41
3521,41
3522,41
3523,41
3524,41
3525,41
3526,41
3527,41
3528,41
3529,41
3530,41
3531,41
3532,41
3533,41
3534,41
3535,41
3536,42
3537,41
3538,41
3539,41
3540,41
3541,41
3542,41
3543,41
3544,41
3545,41
3546,41
3547,41
3548,41
3549,41
3550,41
3551,41
3552,41
3553,41
3554,41
3555,41
3556,41
3557,41
3558,41
3559,41
3560,41
3561,41
3562,41
3563,41
3564,42
3565,41
3566,42
3567,41
3568,41
3569,41
3570,41
3571,41
3572,42
3573,42
3574,41
3575,42
3576,41
3577,41
3578,41
3579,41
3580,41
3581,41
3582,41
3583,41
3584,41
3585,41
3586,41
3587,45
3588,41
3589,42
3590,42
3591,41
3592,41
3593,41
3594,41
3595,41
3596,42
3597,42
3598,41
3599,41
3600,42
3601,41
3602,41
3603,41
3604,41
3605,42
3606,42
3607,41
3608,41
3609,41
3610,41
3611,42
3612,43
3613,41
3614,42
3615,42
3616,41
3617,41
3618,42
3619,41
3620,41
3621,41
3622,41
3623,42
3624,42
3625,41
3626,41
3627,41
3628,41
3629,41
3630,41
3631,41
3632,41
3633,41
3634,42
3635,41
3636,41
3637,41
3638,41
3639,41
3640,41
3641,41
3642,41
3643,41
3644,41
3645,41
3646,41
3647,41
3648,41
3649,41
3650,41
3651,41
3652,41
3653,41
3654,41
3655,41
3656,41
3657,41
3658,41
3659,41
3660,41
3661,41
3662,41
3663,41
3664,41
3665,41
3666,41
3667,41
3668,41
3669,41
3670,41
3671,41
3672,41
3673,41
3674,41
3675,41
3676,41
3677,41
3678,41
3679,41
3680,41
3681,41
3682,41
3683,41
3684,41
3685,41
3686,41
3687,41
3688,41
3689,41
3690,41
3691,41
3692,41
3693,42
3694,41
3695,43
3696,41
3697,41
3698,41
3699,41
3700,41
3701,41
3702,41
3703,41
3704,41
3705,41
3706,41
3707,41
3708,41
3709,41
3710,41
3711,42
3712,41
3713,41
3714,41
3715,42
3716,41
3717,41
3718,41
3719,41
3720,41
3721,41
3722,41
3723,41
3724,41
3725,41
3726,41
3727,41
3728,41
3729,41
3730,41
3731,41
3732,41
3733,41
3734,41
3735,41
3736,41
3737,41
3738,41
3739,41
3740,41
3741,41
3742,41
3743,41
3744,41
3745,41
3746,41
3747,41
3748,41
3749,41
3750,41
3751,41
3752,41
3753,41
3754,41
3755,41
3756,41
3757,41
3758,42
3759,41
3760,41
3761,41
3762,41
3763,41
3764,41
3765,41
3766,41
3767,41
3768,41
3769,41
3770,41
3771,41
3772,41
3773,41
3774,41
3775,41
3776,41
3777,41
3778,41
3779,41
3780,41
3781,41
3782,41
3783,41
3784,41
3785,41
3786,41
3787,41
3788,41
3789,41
3790,41
3791,41
3792,41
3793,41
3794,42
3795,41
3796,41
3797,41
3798,41
3799,41
3800,41
3801,41
3802,41
3803,41
3804,41
3805,41
3806,41
3807,41
3808,42
3809,41
3810,41
3811,41
3812,41
3813,41
3814,41
3815,41
3816,41
3817,41
3818,41
3819,41
3820,41
3821,41
3822,41
3823,41
3824,41
3825,41
3826,41
3827,41
3828,41
3829,41
3830,41
3831,41
3832,41
3833,41
3834,41
3835,41
3836,41
3837,41
3838,41
3839,41
3840,41
3841,41
3842,41
3843,41
3844,41
3845,41
3846,41
3847,41
3848,41
3849,41
3850,41
3851,41
3852,41
3853,41
3854,41
3855,41
3856,41
3857,41
3858,41
3859,41
3860,41
3861,41
3862,41
3863,41
3864,41
3865,41
3866,41
3867,41
3868,41
3869,41
3870,41
3871,41
3872,41
3873,41
3874,41
3875,41
3876,41
3877,41
3878,41
3879,41
3880,41
3881,41
3882,41
3883,41
3884,41
3885,41
3886,41
3887,41
3888,41
3889,41
3890,41
3891,41
3892,41
3893,41
3894,41
3895,42
3896,41
3897,41
3898,41
3899,41
3900,41
3901,41
3902,41
3903,41
3904,41
3905,41
3906,41
3907,41
3908,41
3909,41
3910,41
3911,41
3912,41
3913,41
3914,41
3915,41
3916,41
3917,41
3918,41
3919,41
3920,41
3921,41
3922,41
3923,41
3924,41
3925,41
3926,41
3927,41
3928,41
3929,41
3930,41
3931,41
3932,41
3933,41
3934,41
3935,41
3936,41
3937,41
3938,41
3939,41
3940,41
3941,41
3942,41
3943,41
3944,41
3945,41
3946,41
3947,41
3948,41
3949,41
3950,41
3951,41
3952,41
3953,41
3954,41
3955,41
3956,41
3957,41
3958,41
3959,41
3960,41
3961,41
3962,41
3963,41
3964,42
3965,41
3966,41
3967,41
3968,41
3969,41
3970,42
3971,41
3972,41
3973,41
3974,41
3975,41
3976,41
3977,41
3978,41
3979,41
3980,41
3981,41
3982,41
3983,41
3984,41
3985,41
3986,41
3987,41
3988,41
3989,41
3990,41
3991,41
3992,41
3993,41
3994,41
3995,41
3996,41
3997,41
3998,41
3999,42
4000,41
4001,41
4002,41
4003,41
4004,41
4005,41
4006,41
4007,41
4008,41
4009,41
4010,41
4011,41
4012,41
4013,41
4014,41
4015,41
4016,41
4017,41
4018,41
4019,41
4020,41
4021,41
4022,41
4023,41
4024,41
4025,41
4026,41
4027,41
4028,41
4029,41
4030,41
4031,41
4032,41
4033,41
4034,41
4035,41
4036,41
4037,41
4038,41
4039,41
4040,41
4041,41
4042,41
4043,41
4044,41
4045,41
4046,41
4047,41
4048,41
4049,41
4050,41
4051,41
4052,41
4053,41
4054,41
4055,41
4056,41
4057,41
4058,41
4059,41
4060,41
4061,41
4062,41
4063,41
4064,41
4065,41
4066,41
4067,41
4068,41
4069,41
4070,41
4071,41
4072,41
4073,41
4074,41
4075,41
4076,41
4077,41
4078,41
4079,41
4080,41
4081,41
4082,41
4083,41
4084,41
4085,41
4086,41
4087,41
4088,41
4089,41
4090,41
4091,41
4092,41
4093,41
4094,41
4095,41
4096,41
4097,41
4098,41
4099,41
4100,41
4101,41
4102,41
4103,41
4104,41
4105,41
4106,41
4107,41
4108,41
4109,41
4110,41
4111,42
4112,41
4113,41
4114,41
4115,42
4116,41
4117,41
4118,41
4119,41
4120,41
4121,41
4122,41
4123,41
4124,42
4125,41
4126,41
4127,41
4128,43
4129,41
4130,41
4131,41
4132,42
4133,41
4134,41
4135,41
4136,41
4137,41
4138,41
4139,41
4140,41
4141,42
4142,41
4143,41
4144,41
4145,41
4146,41
4147,41
4148,41
4149,41
4150,41
4151,41
4152,42
4153,41
4154,41
4155,41
4156,42
4157,41
4158,41
4159,42
4160,41
4161,41
4162,41
4163,42
4164,41
4165,41
4166,41
4167,41
4168,41
4169,41
4170,41
4171,41
4172,41
4173,41
4174,42
4175,41
4176,41
4177,41
4178,42
4179,42
4180,41
4181,41
4182,41
4183,41
4184,42
4185,41
4186,41
4187,41
4188,42
4189,41
4190,41
4191,41
4192,41
4193,41
4194,41
4195,41
4196,41
4197,42
4198,41
4199,41
4200,41
4201,41
4202,41
4203,41
4204,41
4205,41
4206,41
4207,41
4208,41
4209,41
4210,41
4211,41
4212,41
4213,41
4214,41
4215,41
4216,41
4217,41
4218,41
4219,41
4220,41
4221,43
4222,41
4223,41
4224,41
4225,41
4226,41
4227,41
4228,41
4229,41
4230,41
4231,41
4232,41
4233,41
4234,42
4235,41
4236,41
4237,41
4238,41
4239,41
4240,41
4241,42
4242,41
4243,41
4244,41
4245,41
4246,41
4247,41
4248,42
4249,41
4250,41
4251,42
4252,43
4253,41
4254,41
4255,41
4256,42
4257,41
4258,41
4259,41
4260,41
4261,41
4262,41
4263,41
4264,41
4265,41
4266,42
4267,41
4268,41
4269,41
4270,41
4271,42
4272,41
4273,42
4274,41
4275,41
4276,41
4277,41
4278,41
4279,41
4280,41
4281,41
4282,42
4283,41
4284,41
4285,41
4286,41
4287,41
4288,41
4289,41
4290,41
4291,41
4292,41
4293,41
4294,42
4295,41
4296,41
4297,42
4298,41
4299,42
4300,41
4301,41
4302,41
4303,41
4304,41
4305,42
4306,41
4307,41
4308,41
4309,41
4310,41
4311,41
4312,41
4313,41
4314,41
4315,41
4316,41
4317,41
4318,41
4319,42
4320,41
4321,41
4322,41
4323,41
4324,41
4325,41
4326,41
4327,41
4328,41
4329,41
4330,41
4331,41
4332,41
4333,41
4334,41
4335,41
4336,41
4337,41
4338,41
4339,42
4340,41
4341,41
4342,41
4343,41
4344,41
4345,41
4346,41
4347,41
4348,41
4349,41
4350,41
4351,41
4352,41
4353,41
4354,41
4355,41
4356,41
4357,41
4358,41
4359,41
4360,41
4361,41
4362,41
4363,41
4364,41
4365,41
4366,41
4367,41
4368,41
4369,41
4370,41
4371,41
4372,41
4373,41
4374,41
4375,41
4376,41
4377,41
4378,42
4379,41
4380,41
4381,41
4382,41
4383,41
4384,41
4385,41
4386,41
4387,41
4388,41
4389,41
4390,41
4391,41
4392,41
4393,41
4394,41
4395,41
4396,41
4397,41
4398,41
4399,41
4400,42
4401,41
4402,41
4403,41
4404,41
4405,41
4406,41
4407,41
4408,41
4409,41
4410,41
4411,41
4412,41
4413,41
4414,41
4415,41
4416,41
4417,41
4418,41
4419,41
4420,41
4421,41
4422,41
4423,41
4424,41
4425,41
4426,41
4427,41
4428,41
4429,41
4430,41
4431,42
4432,41
4433,41
4434,41
4435,41
4436,41
4437,41
4438,41
4439,41
4440,41
4441,41
4442,41
4443,41
4444,42
4445,42
4446,42
4447,42
4448,42
4449,42
4450,42
4451,41
4452,43
4453,41
4454,41
4455,41
4456,41
4457,41
4458,41
4459,41
4460,41
4461,42
4462,41
4463,41
4464,41
4465,41
4466,41
4467,41
4468,41
4469,41
4470,42
4471,42
4472,41
4473,41
4474,41
4475,41
4476,41
4477,41
4478,42
4479,42
4480,41
4481,41
4482,41
4483,41
4484,41
4485,41
4486,41
4487,41
4488,41
4489,41
4490,41
4491,41
4492,41
4493,41
4494,41
4495,41
4496,41
4497,41
4498,41
4499,41
4500,41
4501,42
4502,41
4503,41
4504,41
4505,41
4506,41
4507,41
4508,41
4509,41
4510,41
4511,41
4512,41
4513,41
4514,41
4515,42
4516,41
4517,41
4518,41
4519,41
4520,41
4521,41
4522,41
4523,41
4524,41
4525,41
4526,41
4527,41
4528,41
4529,41
4530,43
4531,42
4532,41
4533,41
4534,41
4535,41
4536,41
4537,41
4538,41
4539,41
4540,41
4541,41
4542,41
4543,41
4544,42
4545,41
4546,41
4547,41
4548,41
4549,41
4550,41
4551,41
4552,41
4553,41
4554,41
4555,41
4556,41
4557,41
4558,41
4559,41
4560,41
4561,41
4562,41
4563,41
4564,41
4565,41
4566,43
4567,42
4568,42
4569,43
4570,42
4571,43
4572,42
4573,42
4574,41
4575,41
4576,41
4577,41
4578,41
4579,41
4580,41
4581,42
4582,41
4583,41
4584,42
4585,42
4586,43
4587,41
4588,41
4589,41
4590,41
4591,41
4592,41
4593,41
4594,41
4595,41
4596,41
4597,42
4598,41
4599,41
4600,41
4601,41
4602,41
4603,41
4604,41
4605,42
4606,42
4607,43
4608,41
4609,41
4610,41
4611,41
4612,41
4613,41
4614,41
4615,41
4616,41
4617,41
4618,41
4619,41
4620,41
4621,41
4622,41
4623,43
4624,41
4625,41
4626,41
4627,41
4628,42
4629,41
4630,42
4631,42
4632,41
4633,41
4634,42
4635,41
4636,41
4637,41
4638,41
4639,41
4640,41
4641,41
4642,41
4643,41
4644,41
4645,41
4646,42
4647,41
4648,41
4649,41
4650,41
4651,41
4652,41
4653,41
4654,41
4655,41
4656,41
4657,42
4658,41
4659,41
4660,41
4661,41
4662,41
4663,41
4664,41
4665,41
4666,41
4667,41
4668,41
4669,41
4670,41
4671,41
4672,41
4673,41
4674,42
4675,41
4676,41
4677,41
4678,41
4679,41
4680,41
4681,41
4682,41
4683,41
4684,42
4685,41
4686,41
4687,41
4688,41
4689,41
4690,41
4691,41
4692,41
4693,41
4694,41
4695,41
4696,41
4697,41
4698,41
4699,41
4700,41
4701,41
4702,41
4703,41
4704,41
4705,41
4706,41
4707,41
4708,41
4709,41
4710,41
4711,41
4712,41
4713,41
4714,41
4715,42
4716,41
4717,41
4718,41
4719,41
4720,41
4721,42
4722,41
4723,41
4724,41
4725,41
4726,43
4727,41
4728,41
4729,41
4730,41
4731,41
4732,41
4733,41
4734,41
4735,42
4736,41
4737,41
4738,41
4739,41
4740,41
4741,41
4742,41
4743,41
4744,41
4745,41
4746,41
4747,41
4748,41
4749,41
4750,42
4751,41
4752,41
4753,41
4754,41
4755,41
4756,42
4757,41
4758,41
4759,41
4760,41
4761,42
4762,41
4763,41
4764,41
4765,42
4766,41
4767,41
4768,41
4769,41
4770,41
4771,43
4772,41
4773,42
4774,41
4775,41
4776,41
4777,42
4778,41
4779,42
4780,41
4781,41
4782,41
4783,41
4784,41
4785,41
4786,41
4787,42
4788,41
4789,41
4790,41
4791,41
4792,41
4793,41
4794,41
4795,41
4796,41
4797,41
4798,41
4799,41
4800,41
4801,41
4802,41
4803,41
4804,41
4805,41
4806,41
4807,41
4808,41
4809,41
4810,41
4811,41
4812,41
4813,41
4814,41
4815,41
4816,41
4817,41
4818,41
4819,41
4820,41
4821,41
4822,41
4823,41
4824,41
4825,41
4826,41
4827,41
4828,41
4829,41
4830,41
4831,41
4832,41
4833,41
4834,41
4835,41
4836,41
4837,41
4838,41
4839,41
4840,41
4841,41
4842,41
4843,41
4844,41
4845,41
4846,41
4847,41
4848,41
4849,41
4850,41
4851,41
4852,41
4853,41
4854,41
4855,41
4856,41
4857,41
4858,41
4859,41
4860,41
4861,41
4862,41
4863,42
4864,41
4865,41
4866,41
4867,41
4868,41
4869,41
4870,42
4871,41
4872,41
4873,41
4874,41
4875,42
4876,41
4877,41
4878,41
4879,41
4880,41
4881,41
4882,41
4883,41
4884,41
4885,41
4886,41
4887,41
4888,42
4889,41
4890,42
4891,41
4892,41
4893,41
4894,41
4895,41
4896,41
4897,41
4898,41
4899,41
4900,41
4901,41
4902,41
4903,41
4904,41
4905,41
4906,41
4907,41
4908,41
4909,41
4910,41
4911,41
4912,41
4913,41
4914,41
4915,41
4916,41
4917,41
4918,41
4919,41
4920,41
4921,42
4922,41
4923,41
4924,41
4925,41
4926,42
4927,41
4928,41
4929,41
4930,41
4931,41
4932,42
4933,41
4934,41
4935,41
4936,41
4937,41
4938,41
4939,41
4940,41
4941,41
4942,41
4943,41
4944,41
4945,41
4946,41
4947,41
4948,41
4949,42
4950,42
4951,41
4952,41
4953,41
4954,41
4955,41
4956,41
4957,41
4958,41
4959,41
4960,41
4961,41
4962,41
4963,41
4964,41
4965,41
4966,41
4967,41
4968,41
4969,41
4970,42
4971,41
4972,41
4973,41
4974,41
4975,41
4976,41
4977,41
4978,41
4979,41
4980,41
4981,41
4982,41
4983,41
4984,41
4985,41
4986,41
4987,41
4988,41
4989,41
4990,41
4991,41
4992,41
4993,41
4994,41
4995,41
4996,42
4997,41
4998,41
4999,41
5000,41
5001,41
5002,41
5003,41
5004,41
5005,41
5006,41
5007,41
5008,41
5009,41
5010,41
5011,41
5012,41
5013,41
5014,41
5015,41
5016,41
5017,41
5018,41
5019,41
5020,41
5021,41
5022,41
5023,41
5024,41
5025,41
5026,41
5027,41
5028,41
5029,41
5030,41
5031,41
5032,41
5033,41
5034,41
5035,41
5036,41
5037,41
5038,41
5039,41
5040,41
5041,41
5042,41
5043,41
5044,41
5045,41
5046,41
5047,41
5048,41
5049,41
5050,41
5051,41
5052,41
5053,41
5054,41
5055,41
5056,41
5057,41
5058,41
5059,41
5060,41
5061,41
5062,41
5063,41
5064,41
5065,41
5066,41
5067,41
5068,41
5069,41
5070,41
5071,41
5072,41
5073,41
5074,42
5075,42
5076,41
5077,41
5078,41
5079,41
5080,41
5081,41
5082,41
5083,41
5084,41
5085,41
5086,41
5087,41
5088,41
5089,41
5090,41
5091,42
5092,41
5093,41
5094,41
5095,41
5096,41
5097,41
5098,41
5099,41
5100,41
5101,41
5102,41
5103,41
5104,41
5105,41
5106,41
5107,41
5108,41
5109,41
5110,41
5111,41
5112,41
5113,41
5114,41
5115,41
5116,41
5117,41
5118,41
5119,41
5120,41
5121,41
5122,41
5123,41
5124,41
5125,41
5126,41
5127,41
5128,41
5129,41
5130,41
5131,41
5132,41
5133,41
5134,41
5135,41
5136,41
5137,41
5138,41
5139,41
5140,41
5141,41
5142,41
5143,41
5144,41
5145,41
5146,41
5147,41
5148,41
5149,41
5150,41
5151,41
5152,41
5153,41
5154,41
5155,41
5156,41
5157,41
5158,41
5159,41
5160,41
5161,41
5162,41
5163,41
5164,41
5165,41
5166,41
5167,41
5168,41
5169,41
5170,41
5171,41
5172,41
5173,41
5174,41
5175,41
5176,41
5177,41
5178,41
5179,41
5180,41
5181,41
5182,41
5183,41
5184,41
5185,41
5186,41
5187,41
5188,41
5189,41
5190,41
5191,41
5192,41
5193,41
5194,41
5195,41
5196,41
5197,41
5198,41
5199,41
5200,41
5201,41
5202,41
5203,41
5204,41
5205,41
5206,41
5207,41
5208,41
5209,41
5210,41
5211,41
5212,41
5213,41
5214,41
5215,41
5216,41
5217,41
5218,41
5219,41
5220,41
5221,41
5222,41
5223,41
5224,41
5225,41
5226,41
5227,41
5228,41
5229,41
5230,41
5231,41
5232,41
5233,41
5234,41
5235,41
5236,41
5237,41
5238,41
5239,41
5240,41
5241,41
5242,41
5243,41
5244,41
5245,41
5246,41
5247,41
5248,41
5249,41
5250,41
5251,41
5252,41
5253,41
5254,41
5255,41
5256,41
5257,41
5258,41
5259,41
5260,41
5261,41
5262,41
5263,41
5264,41
5265,41
5266,41
5267,41
5268,41
5269,41
5270,41
5271,41
5272,41
5273,41
5274,41
5275,41
5276,41
5277,41
5278,41
5279,41
5280,41
5281,41
5282,41
5283,41
5284,41
5285,41
5286,41
5287,41
5288,41
5289,41
5290,41
5291,41
5292,41
5293,41
5294,41
5295,41
5296,41
5297,41
5298,41
5299,41
5300,41
5301,41
5302,41
5303,41
5304,41
5305,41
5306,41
5307,41
5308,41
5309,41
5310,41
5311,41
5312,41
5313,41
5314,41
5315,41
5316,41
5317,41
5318,41
5319,41
5320,41
5321,41
5322,41
5323,41
5324,41
5325,41
5326,41
5327,41
5328,41
5329,41
5330,41
5331,41
5332,41
5333,41
5334,41
5335,41
5336,41
5337,41
5338,41
5339,41
5340,41
5341,41
5342,41
5343,41
5344,41
5345,41
5346,41
5347,41
5348,41
5349,41
5350,41
5351,41
5352,41
5353,41
5354,41
5355,41
5356,41
5357,41
5358,41
5359,41
5360,41
5361,41
5362,41
5363,41
5364,41
5365,41
5366,41
5367,41
5368,41
5369,41
5370,41
5371,41
5372,41
5373,41
5374,41
5375,41
5376,41
5377,41
5378,41
5379,41
5380,41
5381,41
5382,41
5383,41
5384,41
5385,41
5386,41
5387,41
5388,41
5389,41
5390,41
5391,41
5392,41
5393,41
5394,41
5395,41
5396,41
5397,41
5398,41
5399,41
5400,41
5401,41
5402,41
5403,41
5404,41
5405,41
5406,41
5407,41
5408,41
5409,41
5410,41
5411,41
5412,41
5413,41
5414,41
5415,41
5416,41
5417,41
5418,41
5419,41
5420,41
5421,41
5422,41
5423,41
5424,41
5425,41
5426,41
5427,41
5428,41
5429,41
5430,41
5431,41
5432,41
5433,41
5434,41
5435,41
5436,41
